"x"
-2.77
0.89
0.3
0.6
-0.43
-2.2
0.16
0.44
-2.52
-2.76
-0.19
0.19
-2.91
0.45
0.62
-0.23
-0.85
-1.95
0.65
-2.81
-1.02
-2.79
-2.22
-0.41
-0.69
-2.23
-0.33
-2.54
-0.61
0.72
0.63
-0.31
-1.56
-2.36
-1.85
0
0.1
0.03
-0.02
0.83
-1.32
-1.43
-0.93
-2.29
-1.76
0.17
-2.28
-0.87
-2.05
-2.57
0.29
-0.8
0.07
-1.63
-0.9
0.02
-0.65
-2.83
-0.63
-1.78
-1.48
0.55
-2.96
-2.42
-1.82
-1.46
-0.32
-0.34
-1.47
0.79
-1.14
0.43
0.31
-1.53
0.5
-2.11
0.87
-0.91
-2.13
-0.26
0.88
-0.01
-1.67
-2.33
0.84
0.27
-0.24
-1.81
-0.27
-1.31
-2.15
-1.7
-1.89
0.54
0.15
-2.26
0
0.73
0.22
0.38
